120
0 5 4 17 147
1 4 3 18 133
2 3 0 17 113
3 9 0 17 168
4 8 0 16 136
5 0 1 16 87
6 3 3 18 113
7 8 0 18 44
8 7 0 17 114
9 3 2 15 158
10 4 0 16 114
11 7 4 19 25
12 5 1 17 145
13 5 2 16 107
14 7 2 16 61
15 5 3 16 71
16 5 2 17 14
17 6 4 19 102
18 4 1 19 107
19 5 1 16 33
20 9 4 15 130
21 6 4 17 184
22 1 2 17 140
23 6 0 19 14
24 1 3 17 86
25 7 1 17 123
26 1 1 18 82
27 4 0 16 129
28 1 1 15 188
29 0 1 19 87
30 8 4 17 77
31 2 0 15 169
32 8 2 19 12
33 3 3 18 134
34 8 0 19 64
35 3 2 16 65
36 7 4 19 79
37 8 1 17 40
38 0 4 16 98
39 9 2 17 16
40 7 3 16 6
41 1 4 16 199
42 2 3 19 148
43 5 0 18 16
44 8 0 19 74
45 4 4 18 115
46 6 4 17 33
47 8 2 16 123
48 2 4 16 21
49 2 4 18 102
50 4 2 18 136
51 9 0 19 144
52 6 4 19 175
53 7 1 15 8
54 2 0 17 83
55 1 2 17 9
56 5 3 19 145
57 1 0 19 82
58 1 4 16 26
59 1 1 17 127
60 1 2 16 188
61 9 2 17 166
62 0 1 18 184
63 7 3 17 115
64 1 0 17 170
65 3 0 19 197
66 3 3 15 59
67 0 0 16 166
68 6 0 18 58
69 2 3 19 159
70 1 4 15 143
71 7 0 17 169
72 2 0 15 23
73 5 1 16 189
74 1 4 17 107
75 0 0 18 181
76 4 2 17 129
77 9 4 18 137
78 3 1 17 169
79 7 2 19 83
80 1 0 18 169
81 3 1 16 91
82 5 3 16 18
83 1 4 17 12
84 7 1 19 153
85 3 1 17 45
86 4 4 17 111
87 6 3 18 56
88 9 1 17 177
89 0 3 16 87
90 4 2 15 136
91 2 3 16 18
92 4 3 17 81
93 8 4 17 138
94 2 3 18 47
95 8 3 19 42
96 5 2 17 116
97 1 4 19 144
98 8 0 16 148
99 0 2 18 144
100 3 2 19 203
101 8 1 16 34
102 4 0 17 65
103 2 0 19 79
104 6 2 18 29
105 7 4 16 56
106 4 2 17 39
107 5 2 19 159
108 5 4 15 77
109 2 3 19 131
110 0 0 19 55
111 0 0 16 160
112 3 2 16 91
113 3 0 18 29
114 5 1 17 201
115 1 2 17 13
116 6 4 19 32
117 2 4 17 182
118 3 3 18 39
119 7 4 17 197
