25 106
0 0 1 100.00
1 0 3 100.00
2 0 18 100.00
3 1 0 100.00
4 1 3 100.00
5 2 3 100.00
6 2 7 100.00
7 3 0 100.00
8 3 1 100.00
9 3 2 100.00
10 3 4 100.00
11 3 7 100.00
12 3 8 100.00
13 3 18 100.00
14 3 14 100.00
15 3 13 100.00
16 4 7 100.00
17 4 3 100.00
18 4 15 100.00
19 4 13 100.00
20 4 6 100.00
21 4 5 100.00
22 5 4 100.00
23 5 6 100.00
24 6 4 100.00
25 6 9 100.00
26 7 2 100.00
27 7 3 100.00
28 7 4 100.00
29 7 8 100.00
30 7 18 100.00
31 8 7 100.00
32 8 3 100.00
33 8 14 100.00
34 8 13 100.00
35 8 18 100.00
36 9 6 100.00
37 9 10 100.00
38 9 13 100.00
39 10 9 100.00
40 10 13 100.00
41 10 11 100.00
42 10 12 100.00
43 11 10 100.00
44 11 13 100.00
45 11 12 100.00
46 12 10 100.00
47 12 11 100.00
48 12 17 100.00
49 13 4 100.00
50 13 3 100.00
51 13 8 100.00
52 13 14 100.00
53 13 15 100.00
54 13 16 100.00
55 13 17 100.00
56 13 11 100.00
57 13 10 100.00
58 13 9 100.00
59 14 3 100.00
60 14 8 100.00
61 14 18 100.00
62 14 15 100.00
63 14 13 100.00
64 15 4 100.00
65 15 14 100.00
66 15 18 100.00
67 15 19 100.00
68 15 16 100.00
69 15 17 100.00
70 15 13 100.00
71 16 13 100.00
72 16 15 100.00
73 16 19 100.00
74 16 17 100.00
75 17 13 100.00
76 17 15 100.00
77 17 16 100.00
78 17 21 100.00
79 17 20 100.00
80 17 12 100.00
81 18 15 100.00
82 18 14 100.00
83 18 8 100.00
84 18 3 100.00
85 18 7 100.00
86 18 0 100.00
87 18 19 100.00
88 18 22 100.00
89 19 16 100.00
90 19 15 100.00
91 19 18 100.00
92 19 22 100.00
93 19 23 100.00
94 20 17 100.00
95 20 21 100.00
96 21 17 100.00
97 21 20 100.00
98 21 22 100.00
99 22 21 100.00
100 22 18 100.00
101 22 19 100.00
102 22 23 100.00
103 23 22 100.00
104 23 24 100.00
105 24 23 100.00